0  82.9268292683
1  96.6228893058
2  99.530956848
0  82.9268292683
1  96.6228893058
2  99.530956848
0  82.9268292683
1  96.6228893058
2  99.530956848
0  82.9268292683
1  96.6228893058
2  99.530956848
0  82.9268292683
1  96.6228893058
2  99.530956848
0  82.9268292683
1  96.6228893058
2  99.530956848
0  82.9268292683
1  96.6228893058
2  99.530956848
0  82.9268292683
1  96.6228893058
2  99.530956848
0  82.9268292683
1  96.6228893058
2  99.530956848
0  82.9268292683
1  96.6228893058
2  99.530956848
0  82.9268292683
1  96.6228893058
2  99.530956848
0  82.9268292683
1  96.6228893058
2  99.530956848
0  82.9268292683
1  96.6228893058
2  99.530956848
0  82.9268292683
1  96.6228893058
2  99.530956848
0  83.0206378987
1  96.6228893058
2  99.530956848
0  83.0206378987
1  96.6228893058
2  99.530956848
0  83.1144465291
1  96.6228893058
2  99.530956848
0  83.3958724203
1  96.6228893058
2  99.530956848
0  84.7091932458
1  96.6228893058
2  99.530956848
0  85.3658536585
1  96.6228893058
2  99.530956848
0  85.4596622889
1  96.6228893058
2  99.530956848
0  85.9287054409
1  96.6228893058
2  99.530956848
0  86.9606003752
1  96.6228893058
2  99.530956848
0  87.5234521576
1  96.6228893058
2  99.530956848
0  88.5553470919
1  96.6228893058
2  99.530956848
0  89.2120075047
1  96.6228893058
2  99.530956848
0  89.6810506567
1  96.6228893058
2  99.530956848
0  89.9624765478
1  96.6228893058
2  99.530956848
0  90.4315196998
1  96.6228893058
2  99.530956848
0  90.9005628518
1  96.6228893058
2  99.530956848
0  91.6510318949
1  96.6228893058
2  99.530956848
0  91.7448405253
1  96.6228893058
2  99.530956848
0  92.2138836773
1  96.6228893058
2  99.530956848
0  92.4953095685
1  96.6228893058
2  99.530956848
0  92.8705440901
1  96.6228893058
2  99.530956848
0  92.9643527205
1  96.6228893058
2  99.530956848
0  93.1519699812
1  96.6228893058
2  99.530956848
0  93.2457786116
1  96.6228893058
2  99.530956848
0  93.808630394
1  96.6228893058
2  99.530956848
0  94.0900562852
1  96.6228893058
2  99.530956848
0  94.1838649156
1  96.6228893058
2  99.530956848
0  94.4652908068
1  96.6228893058
2  99.530956848
0  94.5590994371
1  96.6228893058
2  99.530956848
0  94.6529080675
1  96.6228893058
2  99.530956848
0  94.6529080675
1  96.6228893058
2  99.530956848
0  94.9343339587
1  96.6228893058
2  99.530956848
0  95.0281425891
1  96.6228893058
2  99.530956848
0  95.0281425891
1  96.6228893058
2  99.530956848
0  95.5909943715
1  96.6228893058
2  99.530956848
0  95.9662288931
1  96.6228893058
2  99.530956848
0  96.2476547842
1  96.6228893058
2  99.530956848
0  96.2476547842
1  96.6228893058
2  99.530956848
0  96.435272045
1  96.6228893058
2  99.530956848
0  96.435272045
1  96.6228893058
2  99.530956848
0  96.5290806754
1  96.6228893058
2  99.530956848
0  96.6228893058
1  96.6228893058
2  99.530956848
0  96.6228893058
1  96.6228893058
2  99.530956848
0  96.7166979362
1  96.6228893058
2  99.530956848
0  97.0919324578
1  96.6228893058
2  99.530956848
0  97.2795497186
1  96.6228893058
2  99.530956848
0  97.2795497186
1  96.6228893058
2  99.530956848
0  97.373358349
1  96.6228893058
2  99.530956848
0  97.6547842402
1  96.6228893058
2  99.530956848
0  97.6547842402
1  96.6228893058
2  99.530956848
0  97.6547842402
1  96.6228893058
2  99.530956848
0  97.7485928705
1  96.6228893058
2  99.530956848
final Test data accuracy using the ANN is : 
0  97.7681785457
1  95.1043916487
2  99.1360691145
